1277 Glutaredoxin
N        -7.951361    2.119797   -4.584608
C        -6.624428    1.839189   -5.167671
C        -5.702362    1.317400   -4.116061
O        -5.780846    1.744851   -2.988503
C        -6.057247    3.107808   -5.826416
O        -7.038528    3.602259   -6.729435
C        -4.790678    2.800294   -6.617270
H        -6.716974    1.151197   -5.860465
H        -5.857643    3.775308   -5.151045
H        -7.728133    3.779975   -6.323456
H        -4.452583    3.603512   -7.019790
H        -4.120665    2.437199   -6.033870
H        -4.982865    2.162377   -7.307569
N        -4.882654    0.365697   -4.509839
C        -3.788825   -0.090707   -3.683699
C        -2.524295    0.562930   -4.265759
O        -2.225327    0.316760   -5.445147
C        -3.673269   -1.583139   -3.630547
C        -2.503520   -2.007317   -2.793520
C        -4.965508   -2.247799   -3.179497
H        -4.939959   -0.038590   -5.267129
H        -3.913279    0.239236   -2.769685
H        -3.496870   -1.900090   -4.540832
H        -2.460322   -2.966651   -2.780969
H        -1.700054   -1.647361   -3.174809
H        -2.621455   -1.673008   -1.900777
H        -4.838379   -3.198913   -3.162810
H        -5.188737   -1.931443   -2.301033
H        -5.664960   -2.021184   -3.796589
N        -1.777682    1.304740   -3.469142
C        -0.473348    1.869888   -3.863190
C         0.561743    1.318868   -2.901508
O         0.391279    1.391758   -1.680785
C        -0.445287    3.391861   -3.824617
O        -1.508543    3.899738   -4.646433
C         0.838160    3.920960   -4.363393
H        -2.003206    1.509325   -2.664338
H        -0.247379    1.575717   -4.770488
H        -0.554966    3.701638   -2.912611
H        -1.504412    4.719616   -4.635300
H         0.836337    4.880877   -4.330848
H         1.573425    3.592225   -3.841658
H         0.952011    3.640002   -5.275164
N         1.633125    0.761165   -3.468556
C         2.739273    0.220139   -2.713362
C         3.954103    1.097613   -2.986311
O         4.461780    1.093569   -4.116929
C         3.027411   -1.212179   -3.105070
C         4.118570   -1.763555   -2.244186
C         1.738930   -2.070860   -2.995538
H         1.734767    0.687168   -4.318561
H         2.535326    0.250740   -1.755007
H         3.331679   -1.235873   -4.036059
H         4.292048   -2.672226   -2.502408
H         4.908689   -1.232391   -2.362941
H         3.837808   -1.731360   -1.326204
H         1.943293   -2.974471   -3.248147
H         1.424430   -2.047012   -2.089091
H         1.071963   -1.709281   -3.583111
N         4.400081    1.808543   -1.984600
C         5.602843    2.637915   -2.067461
C         6.775244    1.760087   -1.661912
O         6.849373    1.282526   -0.530202
C         5.506268    3.840579   -1.150661
C         4.386752    4.767485   -1.534962
C         4.575330    5.752407   -2.503344
C         3.128199    4.684994   -0.956612
C         3.553169    6.582751   -2.901745
C         2.104608    5.517741   -1.334883
C         2.324625    6.486288   -2.282982
O         1.298877    7.298454   -2.703512
H         4.019276    1.836426   -1.213106
H         5.736130    2.946186   -2.988317
H         5.345547    3.535983   -0.244462
H         6.336639    4.339197   -1.192724
H         5.404127    5.825823   -2.918184
H         2.968908    4.038897   -0.306930
H         3.701892    7.232456   -3.550869
H         1.268704    5.439644   -0.934794
H         1.042709    7.770334   -2.083466
N         7.653404    1.513579   -2.613573
C         8.711565    0.578996   -2.445738
C        10.071330    1.292745   -2.642946
O        10.152783    2.433533   -3.036176
C         8.513081   -0.481074   -3.492522
O         9.297937   -1.630358   -3.223785
C         8.894060    0.085243   -4.813784
H         7.647368    1.893679   -3.384537
H         8.675995    0.173548   -1.555027
H         7.576743   -0.730976   -3.525776
H         9.176619   -2.195457   -3.804225
H         8.774837   -0.575207   -5.499887
H         8.343990    0.845915   -5.014442
H         9.813052    0.359471   -4.800364
N        11.150191    0.526022   -2.406490
C        12.487798    1.038889   -2.647716
C        13.361020   -0.129549   -3.046301
O        12.976773   -1.282052   -2.837073
C        12.998092    1.722969   -1.401163
C        13.167622    0.745565   -0.222441
C        13.457262    1.460184    1.128196
C        13.839932    0.494005    2.184796
N        14.099655    1.127592    3.501597
H        11.123969   -0.281219   -2.110999
H        12.470186    1.687134   -3.382056
H        13.861716    2.121223   -1.589498
H        12.366274    2.409092   -1.135472
H        12.350127    0.232232   -0.119135
H        13.909792    0.150406   -0.410920
H        14.190026    2.085580    1.007582
H        12.660105    1.929636    1.419530
H        13.121036   -0.146529    2.298514
H        14.649609    0.034949    1.911044
H        14.324533    0.506261    4.098310
H        14.764162    1.714440    3.430713
H        13.369193    1.549701    3.785038
N        14.533500    0.145388   -3.586619
C        15.395582   -0.949342   -4.009598
C        15.857210   -1.821422   -2.890262
O        16.006521   -1.385692   -1.749400
C        16.597947   -0.194655   -4.612208
C        15.981220    1.067030   -5.156598
C        14.991373    1.449151   -4.078429
H        14.961035   -1.491791   -4.700935
H        17.245925    0.005138   -3.918167
H        16.998832   -0.720758   -5.322064
H        16.661169    1.750631   -5.264810
H        15.531434    0.884007   -5.995996
H        15.432162    1.943652   -3.371089
H        14.251580    1.947828   -4.458220
N        16.121773   -3.075114   -3.288174
C        16.801585   -4.010652   -2.447518
C        16.114890   -4.083714   -1.108282
O        16.717475   -4.005515   -0.066475
C        18.281892   -3.612660   -2.316795
H        15.905754   -3.393591   -4.057639
H        16.760211   -4.898638   -2.858399
H        18.726374   -4.247071   -1.750763
H        18.683702   -3.613339   -3.189005
H        18.336550   -2.734437   -1.931724
N        14.833131   -4.319192   -1.118859
C        13.957790   -4.253429    0.042214
C        13.203101   -5.589641    0.131155
O        12.215017   -5.797664   -0.579852
C        13.057007   -3.061612   -0.116232
S        11.741080   -2.974838    1.149245
H        14.408555   -4.534768   -1.834792
H        14.492331   -4.138112    0.854529
H        13.589751   -2.254316   -0.048364
H        12.630062   -3.103619   -0.986637
N        13.648241   -6.461596    0.999964
C        13.065814   -7.805524    1.121635
C        11.573166   -7.718188    1.437345
O        10.783124   -8.447277    0.856252
C        13.858868   -8.599450    2.143257
C        13.125256   -9.891477    2.516212
C        15.250484   -8.923811    1.607519
H        14.296405   -6.313082    1.545041
H        13.156471   -8.263269    0.259374
H        13.963346   -8.062817    2.956360
H        13.648492  -10.372629    3.161899
H        12.269326   -9.667906    2.889752
H        13.009325  -10.425118    1.726729
H        15.730772   -9.425255    2.269965
H        15.162158   -9.442318    0.803932
H        15.711173   -8.103577    1.418690
N        11.193211   -6.868172    2.376356
C         9.768077   -6.779724    2.735925
C         8.937515   -6.206563    1.606638
O         7.739017   -6.490413    1.505260
C         9.580300   -5.993929    4.020260
C        10.059681   -6.756150    5.258549
C         9.720444   -6.052894    6.519819
O         8.617231   -5.659535    6.784537
N        10.580845   -6.110071    7.450190
H        11.714500   -6.342876    2.813993
H         9.439557   -7.687619    2.903124
H        10.085605   -5.168444    3.961548
H         8.636517   -5.797868    4.135243
H         9.636826   -7.629195    5.277574
H        11.023832   -6.854167    5.218162
H        11.314962   -6.541262    7.330643
H        10.429309   -5.717688    8.200226
N         9.544014   -5.357953    0.778502
C         8.865287   -4.804987   -0.382351
C         8.595709   -5.881449   -1.442015
O         7.497553   -6.001578   -1.956221
C         9.727288   -3.703102   -1.010587
S        10.130473   -2.297524    0.039653
H        10.354998   -5.087881    0.870095
H         8.009465   -4.414767   -0.107436
H        10.565400   -4.099574   -1.293764
H         9.257962   -3.357222   -1.786032
N         9.631689   -6.653564   -1.741266
C         9.552447   -7.689922   -2.672222
C         8.507098   -8.766256   -2.178047
O         7.698631   -9.305948   -2.952659
C        11.019557   -8.103416   -2.859456
O        11.065462   -9.154973   -3.705488
H        10.410216   -6.569144   -1.386591
H         9.230197   -7.329591   -3.524542
H        11.517638   -7.361858   -3.238483
H        11.393673   -8.360945   -2.003054
H        11.842872   -9.389705   -3.818135
N         8.562830   -9.091326   -0.883969
C         7.613796  -10.015191   -0.303979
C         6.182287   -9.519260   -0.441605
O         5.275452  -10.298853   -0.721525
C         7.966759  -10.253414    1.165482
H         9.143751   -8.786595   -0.328335
H         7.680872  -10.873157   -0.772640
H         7.332128  -10.868042    1.542910
H         8.851848  -10.622508    1.218902
H         7.932011   -9.417348    1.635278
N         5.971498   -8.227420   -0.212889
C         4.664386   -7.626977   -0.345857
C         4.143557   -7.766174   -1.792974
O         3.006700   -8.141139   -2.010797
C         4.716171   -6.168852    0.089123
O         4.944788   -6.111893    1.506868
C         3.427061   -5.428262   -0.205798
H         6.585975   -7.674156    0.025488
H         4.038706   -8.094605    0.245619
H         5.441241   -5.719864   -0.372199
H         5.655604   -6.478058    1.690784
H         3.499998   -4.516229    0.082791
H         3.248854   -5.444197   -1.148734
H         2.696632   -5.844704    0.257270
N         5.003496   -7.440835   -2.745179
C         4.643543   -7.568258   -4.151722
C         4.266086   -8.996865   -4.484639
O         3.262898   -9.242708   -5.174469
C         5.783498   -7.089822   -5.019844
O         6.073018   -5.746681   -4.832208
H         5.798929   -7.144607   -2.606396
H         3.865059   -7.001323   -4.334401
H         6.574080   -7.609343   -4.806990
H         5.543641   -7.227409   -5.949658
H         6.694292   -5.523142   -5.318009
N         5.050015   -9.964620   -4.026896
C         4.764571  -11.340458   -4.311337
C         3.434295  -11.777414   -3.704865
O         2.634342  -12.499865   -4.328439
C         5.932685  -12.251202   -3.809959
C         5.738085  -13.740246   -4.079404
C         5.698660  -14.077315   -5.551424
H         5.753859   -9.839442   -3.548902
H         4.698035  -11.451716   -5.283053
H         6.751147  -11.977716   -4.253337
H         6.025377  -12.136128   -2.851447
H         6.473618  -14.230830   -3.680264
H         4.898519  -14.023600   -3.685231
N         3.178694  -11.367343   -2.458995
C         1.951408  -11.721228   -1.783087
C         0.725290  -11.137789   -2.494884
O        -0.300086  -11.799253   -2.629210
C         2.005854  -11.281581   -0.340278
H         3.709608  -10.879788   -1.989343
H         1.860499  -12.697197   -1.792434
H         1.183797  -11.525028    0.091709
H         2.744543  -11.717917    0.090566
H         2.123295  -10.329761   -0.308528
N         0.819740   -9.869624   -2.909846
C        -0.264389   -9.250101   -3.656899
C        -0.493711   -9.998504   -4.981881
O        -1.624771  -10.330256   -5.342509
C         0.070452   -7.785951   -3.931177
C         0.002906   -6.880602   -2.710845
C         0.778706   -5.599970   -2.945807
C        -1.431932   -6.532296   -2.386956
H         1.495867   -9.357368   -2.771142
H        -1.089841   -9.288136   -3.129547
H         0.971820   -7.735337   -4.284734
H        -0.556714   -7.442764   -4.587004
H         0.387942   -7.338546   -1.947089
H         0.718362   -5.049651   -2.161694
H         1.696566   -5.819392   -3.122986
H         0.400854   -5.139266   -3.698850
H        -1.447111   -5.961492   -1.614699
H        -1.819955   -6.078043   -3.138610
H        -1.916747   -7.341472   -2.206823
N         0.591667  -10.254481   -5.693242
C         0.485918  -10.922164   -6.991857
C        -0.158596  -12.288836   -6.859561
O        -1.010790  -12.679436   -7.660887
C         1.874655  -11.082171   -7.632120
C         2.527248   -9.790516   -8.121371
O         1.908863   -8.723246   -8.129935
O         3.712764   -9.916328   -8.530165
H         1.395073  -10.058197   -5.456217
H        -0.066910  -10.378403   -7.590137
H         2.470669  -11.478994   -6.977617
H         1.793051  -11.674279   -8.397084
N         0.168740  -13.033911   -5.825036
C        -0.392034  -14.384106   -5.557307
C        -1.864985  -14.320318   -5.478182
O        -2.556471  -15.237476   -5.987699
C         0.263067  -15.023883   -4.309526
C         1.689513  -15.563513   -4.612865
C         2.204774  -16.463310   -3.463460
H         0.736794  -12.784278   -5.228566
H        -0.171850  -14.958706   -6.320362
H         0.335273  -14.354931   -3.610042
H        -0.282861  -15.766218   -4.007330
H         1.666614  -16.091130   -5.426713
H         2.300626  -14.816716   -4.712842
N        -2.382713  -13.306372   -4.767440
C        -3.806301  -13.034763   -4.514325
C        -4.478172  -12.482837   -5.771640
O        -5.708201  -12.212304   -5.707985
C        -3.994855  -12.032376   -3.309800
C        -3.444983  -12.427249   -1.955202
C        -4.237059  -13.482076   -1.292542
O        -5.445679  -13.380500   -1.263486
N        -3.580590  -14.527711   -0.782841
H        -1.882257  -12.715920   -4.392911
H        -4.252046  -13.875162   -4.279452
H        -3.570413  -11.193693   -3.551695
H        -4.946427  -11.882801   -3.194144
H        -2.540350  -12.757851   -2.067340
H        -3.442798  -11.648074   -1.376882
H        -2.724058  -14.570127   -0.846302
H        -4.015436  -15.158052   -0.391136
N        -3.742737  -12.199250   -6.831685
C        -4.331640  -11.525695   -7.966967
C        -4.744607  -10.116111   -7.677790
O        -5.623006   -9.606916   -8.385237
H        -2.907160  -12.384336   -6.916318
H        -3.692106  -11.510458   -8.696068
H        -5.114505  -12.017778   -8.259482
N        -4.124170   -9.474187   -6.689432
C        -4.484389   -8.108113   -6.392408
C        -3.702892   -7.197930   -7.342094
O        -2.477980   -7.289065   -7.425836
C        -4.269750   -7.829407   -4.907583
C        -5.220050   -8.734579   -4.077941
C        -4.454134   -6.376360   -4.593596
C        -4.797902   -8.794653   -2.620109
H        -3.506714   -9.806219   -6.191171
H        -5.438087   -7.985590   -6.581435
H        -3.355965   -8.071053   -4.686406
H        -6.120239   -8.376857   -4.119798
H        -5.198766   -9.635381   -4.437931
H        -4.311615   -6.240037   -3.653157
H        -3.818508   -5.863823   -5.098763
H        -5.346884   -6.116394   -4.830518
H        -5.408148   -9.361721   -2.142002
H        -3.908480   -9.151050   -2.566705
H        -4.818959   -7.908097   -2.253335
N        -4.412496   -6.321986   -8.039049
C        -3.780856   -5.309034   -8.888940
C        -3.468493   -4.099056   -8.043572
O        -4.245912   -3.724009   -7.179882
C        -4.704705   -4.959720  -10.051193
H        -5.271724   -6.288652   -8.039676
H        -2.942137   -5.662336   -9.251595
H        -4.278459   -4.295918  -10.598180
H        -4.871995   -5.751463  -10.565768
H        -5.529654   -4.615385   -9.701343
N        -2.320843   -3.479770   -8.278155
C        -1.868119   -2.367844   -7.483000
C        -0.912503   -1.490909   -8.280279
O        -0.320824   -1.920397   -9.281122
C        -1.162453   -2.831536   -6.173903
C         0.010285   -3.746162   -6.402713
C        -0.216878   -5.107269   -6.583576
C         1.314797   -3.328568   -6.457564
C         0.798279   -6.022488   -6.835928
C         2.360235   -4.230501   -6.715163
C         2.078050   -5.549223   -6.912793
O         3.106302   -6.420797   -7.235199
H        -1.777777   -3.695642   -8.910018
H        -2.642351   -1.820736   -7.232641
H        -0.840098   -2.049287   -5.698897
H        -1.805165   -3.306632   -5.623781
H        -1.094007   -5.416054   -6.557457
H         1.509050   -2.425550   -6.349106
H         0.608469   -6.919984   -6.985566
H         3.235910   -3.924102   -6.780297
H         2.973224   -6.751948   -7.973762
N        -0.769517   -0.256200   -7.818961
C         0.181880    0.693423   -8.314572
C         1.433559    0.580596   -7.454738
O         1.315177    0.559630   -6.235904
C        -0.414088    2.103339   -8.204908
C        -1.740451    2.243699   -8.936616
C        -1.573804    2.134467  -10.416026
O        -1.086908    3.091269  -11.018566
N        -1.881731    1.011193  -10.993970
H        -1.249238    0.060924   -7.179581
H         0.405821    0.501506   -9.249271
H        -0.565258    2.310114   -7.269447
H         0.208043    2.740653   -8.589409
H        -2.340543    1.538735   -8.647299
H        -2.124381    3.112127   -8.739063
H        -2.173736    0.352046  -10.524395
H        -1.792837    0.926424  -11.845532
N         2.590061    0.467778   -8.040176
C         3.839869    0.372454   -7.302142
C         4.642843    1.611552   -7.641149
O         4.810170    1.964133   -8.813273
C         4.583562   -0.920368   -7.611323
C         5.804297   -1.120380   -6.693254
C         6.477768   -2.486347   -6.810954
C         7.247593   -2.592310   -8.079746
N         7.877652   -3.937905   -8.291192
H         2.693142    0.441485   -8.893537
H         3.646981    0.389360   -6.341516
H         3.982283   -1.670487   -7.482827
H         4.896017   -0.895806   -8.528959
H         6.467531   -0.446800   -6.909956
H         5.519351   -1.012093   -5.772927
H         7.091679   -2.607066   -6.070049
H         5.800779   -3.181480   -6.805184
H         6.648439   -2.425124   -8.823659
H         7.955984   -1.930561   -8.072495
H         8.323629   -3.946918   -9.061501
H         8.442482   -4.117102   -7.626925
H         7.249162   -4.568347   -8.313792
N         5.126253    2.294621   -6.610602
C         5.847271    3.542058   -6.772365
C         7.215620    3.373578   -6.112166
O         7.309373    3.213595   -4.887504
C         5.100686    4.713852   -6.156483
C         5.930666    5.986566   -6.245960
C         3.761773    4.939856   -6.819222
H         5.046763    2.047255   -5.790515
H         5.980241    3.722811   -7.726163
H         4.940202    4.525470   -5.208498
H         5.438205    6.708927   -5.851192
H         6.756143    5.854749   -5.772618
H         6.110022    6.177987   -7.169767
H         3.327848    5.685743   -6.399855
H         3.901595    5.122077   -7.751297
H         3.226387    4.149734   -6.716494
N         8.265500    3.396578   -6.924775
C         9.637975    3.263355   -6.423440
C        10.097435    4.652794   -5.959849
O        10.352723    5.554649   -6.776464
C        10.530094    2.749630   -7.533976
C        11.956687    2.530730   -7.120612
O        12.380663    3.080513   -6.085234
O        12.689101    1.848881   -7.892656
H         8.214209    3.487706   -7.778028
H         9.667194    2.641419   -5.666228
H        10.179559    1.901587   -7.848431
H        10.527533    3.394641   -8.258068
N        10.192715    4.815141   -4.648310
C        10.544448    6.105361   -4.095975
C        12.005620    6.473621   -4.252145
O        12.376341    7.598726   -3.975537
C        10.082256    6.230888   -2.602243
C        10.872782    5.350319   -1.650890
C         8.590799    6.012734   -2.529481
C        10.512153    5.448662   -0.226485
H        10.058662    4.199098   -4.064459
H        10.038860    6.780553   -4.595404
H        10.245494    7.148466   -2.332891
H        10.749003    4.425894   -1.917219
H        11.811293    5.584698   -1.727109
H         8.307918    6.089122   -1.614739
H         8.151696    6.677480   -3.064275
H         8.386676    5.136438   -2.863349
H        11.070800    4.853185    0.278625
H        10.645071    6.352518    0.068135
H         9.589992    5.200706   -0.120210
N        12.828896    5.546578   -4.737837
C        14.182805    5.943553   -5.166814
C        14.164750    6.732578   -6.443693
O        15.090181    7.498077   -6.706545
C        15.163896    4.755586   -5.340544
O        14.888793    3.955522   -6.427828
H        12.644389    4.711136   -4.829723
H        14.559361    6.526586   -4.474107
H        16.060361    5.112022   -5.442962
H        15.124423    4.207234   -4.540907
H        14.229792    4.240423   -6.825696
N        13.126047    6.546417   -7.269106
C        13.018615    7.180674   -8.575095
C        12.178667    8.427541   -8.564398
O        12.451933    9.348843   -9.327509
C        12.469962    6.200418   -9.619019
C        13.331288    4.986113   -9.883561
C        12.611712    4.100589  -10.914916
C        14.725435    5.358527  -10.278778
H        12.455769    6.041067   -7.081579
H        13.917817    7.439551   -8.864342
H        11.604518    5.883255   -9.317239
H        12.366348    6.672801  -10.460042
H        13.394813    4.475409   -9.061230
H        13.150665    3.325298  -11.090417
H        11.761134    3.833707  -10.558018
H        12.485359    4.602509  -11.723373
H        15.229451    4.556907  -10.434989
H        14.691903    5.885955  -11.080259
H        15.126335    5.864754   -9.569362
N        11.116727    8.403931   -7.752225
C        10.194860    9.516276   -7.679574
C        10.356780   10.197460   -6.327361
O         9.837324    9.763101   -5.300897
C         8.775757    9.040141   -7.875463
C         7.751721   10.140687   -7.708011
O         8.111508   11.276154   -7.418711
O         6.547268    9.867362   -7.819960
H        10.915508    7.746937   -7.234877
H        10.406923   10.164617   -8.383800
H         8.684620    8.681725   -8.772628
H         8.582186    8.349986   -7.222809
N        11.146021   11.259291   -6.299922
C        11.462121   11.950569   -5.059031
C        10.231680   12.614558   -4.472796
O        10.209092   12.897342   -3.259964
C        12.577206   12.940144   -5.257458
O        12.198073   13.937456   -6.143546
H        11.514885   11.604629   -6.995147
H        11.773975   11.287336   -4.408017
H        12.798667   13.343341   -4.403874
H        13.350347   12.475970   -5.616655
H        11.430278   13.806965   -6.400302
N         9.216441   12.961949   -5.274281
C         7.959927   13.512391   -4.734569
C         7.287839   12.485391   -3.860937
O         6.781545   12.788992   -2.758920
C         7.023256   13.977625   -5.876446
C         7.629398   15.029361   -6.859707
C         6.685828   15.491745   -8.006304
O         5.577668   14.932691   -8.166185
O         7.089675   16.386932   -8.752998
H         9.228397   12.891143   -6.131981
H         8.167086   14.292469   -4.178014
H         6.771508   13.201935   -6.400774
H         6.230831   14.372818   -5.481323
H         7.878731   15.817195   -6.352102
H         8.420446   14.646432   -7.270600
N         7.231417   11.268342   -4.365161
C         6.677718   10.186650   -3.584096
C         7.520290    9.912426   -2.340748
O         6.973280    9.605657   -1.272004
C         6.543050    8.942026   -4.424431
H         7.503992   11.044418   -5.148466
H         5.780507   10.443591   -3.285185
H         6.173300    8.239562   -3.883720
H         5.960029    9.125447   -5.164864
H         7.410915    8.685622   -4.744965
N         8.835087    9.973447   -2.458523
C         9.662183    9.801754   -1.292995
C         9.347074   10.871682   -0.269661
O         9.228089   10.558395    0.927784
C        11.109309    9.793154   -1.707480
C        11.999370    9.274802   -0.594219
C        13.368606    8.963901   -1.004534
N        14.199297   10.076700   -1.444883
C        14.632216   10.311600   -2.704517
N        14.230196    9.702785   -3.766860
N        15.422760   11.299589   -2.802405
H         9.263999   10.109703   -3.191792
H         9.460526    8.932130   -0.887960
H        11.218652    9.213843   -2.478342
H        11.386584   10.697213   -1.924360
H        12.047547    9.948642    0.102478
H        11.607833    8.463306   -0.236337
H        13.822000    8.548768   -0.253402
H        13.326088    8.332028   -1.739918
H        14.438778   10.642139   -0.842032
H        13.705141    9.024865   -3.700984
H        14.531703    9.938707   -4.537619
H        15.659839   11.731298   -2.097321
H        15.698366   11.554271   -3.575653
N         9.227508   12.123547   -0.707715
C         8.904990   13.207197    0.194026
C         7.575571   12.932629    0.905027
O         7.430547   13.228360    2.107866
C         8.811913   14.511555   -0.547878
C        10.122114   15.029160   -1.088102
O        11.195853   14.587636   -0.658276
O        10.038527   15.940257   -1.975545
H         9.330122   12.364914   -1.525990
H         9.607998   13.286594    0.871621
H         8.209321   14.396854   -1.299872
H         8.456847   15.184443    0.053869
N         6.587740   12.432014    0.190609
C         5.298873   12.074928    0.769277
C         5.461461   11.073374    1.900908
O         4.956569   11.269226    3.000236
C         4.423524   11.580309   -0.362922
C         3.031080   11.106691    0.055724
C         2.101159   11.942154    0.610199
C         2.689753    9.736448   -0.041742
C         0.799464   11.480864    0.884533
C         1.442505    9.251478    0.314748
C         0.476558   10.156771    0.774869
O        -0.758024    9.729362    1.115602
H         6.635815   12.285103   -0.655938
H         4.882752   12.881782    1.140654
H         4.307263   12.302976   -1.000330
H         4.869928   10.835346   -0.793883
H         2.278019   12.854335    0.652540
H         3.317646    9.142297   -0.384962
H         0.174609   12.071155    1.238564
H         1.233306    8.352610    0.201057
H        -1.321982   10.103192    0.652468
N         6.187508    9.992183    1.636802
C         6.472573    8.965176    2.609026
C         7.168851    9.517695    3.819711
O         6.795900    9.237631    4.974683
C         7.333519    7.787388    1.957569
C         7.741679    6.859220    2.955454
C         6.417169    7.110316    0.932714
H         6.535777    9.832699    0.866881
H         5.623559    8.578610    2.908980
H         8.122261    8.148970    1.501913
H         8.256076    6.162428    2.542004
H         8.275735    7.318045    3.607753
H         6.961692    6.487517    3.373495
H         6.896027    6.390678    0.513604
H         5.642885    6.767897    1.385967
H         6.153823    7.756041    0.274120
N         8.170280   10.313498    3.563707
C         8.982190   10.873186    4.650845
C         8.184097   11.853946    5.472565
O         8.330441   11.893855    6.696727
C        10.247341   11.555029    4.122246
C        11.353638   10.642814    3.551207
S        11.840356    9.068166    4.409471
C        12.854261    8.200866    3.186690
H         8.415644   10.555329    2.775687
H         9.266301   10.139007    5.235030
H         9.987605   12.164965    3.413881
H        10.642976   12.061183    4.848933
H        11.081616   10.389132    2.655221
H        12.161002   11.177137    3.487748
H        13.147431    7.366469    3.559676
H        12.325902    8.041415    2.400450
H        13.612412    8.747068    2.965554
N         7.363994   12.671275    4.836061
C         6.533721   13.619429    5.563704
C         5.514119   12.908062    6.426595
O         5.180810   13.390323    7.535075
C         5.862721   14.565979    4.594634
H         7.267639   12.699813    3.982010
H         7.106573   14.151414    6.155181
H         5.319202   15.184443    5.088393
H         6.537490   15.041077    4.105062
H         5.316317   14.058030    3.990244
N         4.985918   11.782619    5.974254
C         4.130306   10.951919    6.798504
C         4.898977   10.313878    7.927761
O         4.334002    9.982467    8.949932
C         3.418721    9.912203    5.947678
C         2.316455   10.480080    5.047521
C         1.951104    9.532663    3.956312
C         1.077553   10.843887    5.881959
H         5.109947   11.474233    5.181735
H         3.440763   11.521344    7.200359
H         4.070946    9.478640    5.376428
H         3.010403    9.256034    6.533976
H         2.643332   11.295145    4.633699
H         1.260682    9.927351    3.418414
H         2.727749    9.361468    3.418126
H         1.635815    8.713614    4.346494
H         0.401814   11.197124    5.298683
H         0.753508   10.052928    6.319037
H         1.323928   11.502016    6.535938
N         6.209536   10.146164    7.765697
C         7.111919    9.755848    8.822224
C         7.523105    8.296703    8.855789
O         8.186122    7.865990    9.770920
H         6.608135   10.260607    7.011516
H         7.920246   10.287470    8.749667
H         6.697237    9.963142    9.674125
N         7.134799    7.522132    7.843366
C         7.405429    6.122265    7.851476
C         8.909053    5.807245    7.961354
O         9.707643    6.391956    7.235244
C         6.859012    5.490634    6.567383
C         5.375527    5.406131    6.482577
C         4.693036    4.331697    7.008559
C         4.633109    6.382693    5.875806
C         3.336242    4.184529    6.878729
C         3.250819    6.261745    5.774619
C         2.613932    5.153307    6.290909
O         1.243538    4.968737    6.172178
H         6.713654    7.800158    7.146708
H         6.948840    5.709131    8.613940
H         7.165066    6.017525    5.811797
H         7.206786    4.588388    6.495197
H         5.180387    3.644172    7.403541
H         5.057895    7.126130    5.512313
H         2.911486    3.439185    7.237186
H         2.757411    6.922943    5.345487
H         1.026075    4.980561    5.381716
N         9.221114    4.834684    8.823975
C        10.544339    4.269901    8.995761
C        10.643135    2.931600    8.299092
O        11.751538    2.487726    7.975295
C        10.904514    3.919588   10.466196
C        11.179871    5.033182   11.431025
C         9.953895    5.808773   11.783433
C        11.774626    4.440925   12.671381
H         8.641399    4.473673    9.345779
H        11.223265    4.875098    8.631101
H        10.168832    3.406537   10.835947
H        11.697972    3.361951   10.451057
H        11.826795    5.642656   11.041921
H        10.192387    6.504987   12.400313
H         9.586589    6.191160   10.983653
H         9.316432    5.216407   12.187362
H        11.955878    5.145345   13.298120
H        11.150336    3.817571   13.050187
H        12.590408    3.988818   12.441498
N         9.501875    2.230241    8.118622
C         9.417813    0.875194    7.615641
C         9.024236    0.958133    6.165804
O         8.341242    1.858385    5.726269
C         8.425648    0.009323    8.419834
C         8.673700   -0.086267    9.919466
H         8.727172    2.556749    8.298603
H        10.302711    0.455603    7.669312
H         7.535832    0.375220    8.297506
H         8.453424   -0.892743    8.065522
N         9.425421   -0.027424    5.420990
C         9.083476   -0.203039    4.021876
C         8.579457   -1.602004    3.815582
O         8.986771   -2.547303    4.477833
C        10.313834   -0.038895    3.223820
H         9.932465   -0.655635    5.715801
H         8.406503    0.445375    3.738466
H        10.101226   -0.153647    2.295054
H        10.667622    0.841388    3.373399
H        10.954729   -0.700053    3.497743
N         7.691691   -1.777995    2.807915
C         7.076431   -0.769487    1.983304
C         6.000736   -0.020541    2.782719
O         5.683661   -0.402854    3.927485
C         6.443137   -1.609416    0.875435
C         6.049070   -2.879879    1.580976
C         7.181138   -3.115247    2.553800
H         7.737596   -0.146419    1.614753
H         5.664837   -1.154749    0.516841
H         7.096133   -1.785858    0.179856
H         5.209391   -2.751049    2.050439
H         5.983483   -3.606775    0.942383
H         6.845928   -3.510195    3.373834
H         7.868034   -3.666763    2.147334
N         5.425614    0.963153    2.144058
C         4.210259    1.618098    2.635321
C         3.095736    1.193551    1.717819
O         3.220969    1.369050    0.489969
C         4.363461    3.105401    2.678427
C         3.013401    3.772247    3.131229
C         5.508556    3.501070    3.582023
H         5.716276    1.288816    1.403200
H         4.007988    1.298854    3.539273
H         4.568395    3.427992    1.776400
H         3.128349    4.724909    3.155099
H         2.325385    3.540364    2.504694
H         2.784053    3.448977    4.005371
H         5.582837    4.457666    3.589868
H         5.332331    3.177641    4.468652
H         6.319004    3.112084    3.246209
N         2.013506    0.659561    2.245938
C         0.848779    0.267895    1.455476
C        -0.293987    1.159739    1.852727
O        -0.646581    1.269679    3.022608
C         0.497956   -1.192781    1.655474
C        -0.717590   -1.567658    0.797598
C         1.663083   -2.110587    1.338869
H         1.919960    0.507745    3.087155
H         1.037463    0.411683    0.505478
H         0.254671   -1.332597    2.594115
H        -0.924497   -2.494880    0.937688
H        -1.463855   -1.022047    1.058618
H        -0.506781   -1.414378   -0.126278
H         1.391230   -3.020369    1.480312
H         1.920358   -1.984497    0.422384
H         2.397571   -1.894621    1.917895
N        -0.905377    1.800027    0.856188
C        -2.114492    2.594251    1.057885
C        -3.219963    1.981029    0.241245
O        -3.073076    1.789564   -0.964119
C        -1.903723    4.044358    0.657141
C        -3.149307    4.858158    0.892910
C        -0.747693    4.684682    1.422720
H        -0.633777    1.787621    0.040065
H        -2.372527    2.565327    2.003903
H        -1.693125    4.084260   -0.299468
H        -2.982782    5.766407    0.630304
H        -3.865730    4.491025    0.369825
H        -3.372604    4.822088    1.826153
H        -0.651274    5.596039    1.138469
H        -0.939924    4.652667    2.362554
H         0.057771    4.196929    1.236847
N        -4.302660    1.578206    0.862471
C        -5.396445    0.859124    0.207886
C        -6.672940    1.502746    0.653832
O        -7.173359    1.315728    1.750192
C        -5.360288   -0.610994    0.602576
H        -4.443229    1.711783    1.701209
H        -5.318804    0.934929   -0.765881
H        -6.082573   -1.069585    0.165503
H        -4.520465   -0.987247    0.328634
H        -5.456740   -0.681823    1.555287
N        -7.184063    2.323497   -0.219614
C        -8.379783    3.073600    0.099931
C        -8.112680    3.906813    1.332274
O        -7.127690    4.653766    1.367682
H        -6.866047    2.470128   -1.005518
H        -8.614375    3.660274   -0.636014
H        -9.118092    2.470483    0.276212
N        -8.947191    3.769940    2.363199
C        -8.765994    4.536572    3.617656
C        -7.851063    3.876355    4.631479
O        -7.649222    4.369703    5.722646
C       -10.111165    4.795633    4.290374
C       -11.050427    5.633982    3.429575
O       -12.268665    5.454888    3.495919
N       -10.494893    6.537313    2.599684
H        -9.627816    3.242857    2.369667
H        -8.375486    5.407648    3.392884
H       -10.545280    3.946942    4.467498
H        -9.962344    5.272264    5.121489
H        -9.639436    6.625252    2.569273
H       -10.994522    7.027598    2.100193
N        -7.254274    2.759764    4.262859
C        -6.383952    2.064049    5.145107
C        -4.952740    2.190313    4.695361
O        -4.661705    2.484178    3.557514
C        -6.720125    0.578341    5.192842
C        -8.094908    0.323366    5.787151
O        -9.100388    0.478959    5.048398
O        -8.171787    0.047708    7.001179
H        -7.345950    2.388455    3.492684
H        -6.463843    2.434532    6.049598
H        -6.710670    0.221504    4.290910
H        -6.064077    0.120262    5.740436
N        -4.016306    1.890226    5.571399
C        -2.594161    1.933741    5.252004
C        -1.866017    1.046144    6.232255
O        -2.335300    0.806965    7.368400
C        -2.007971    3.347904    5.267379
C        -2.350436    4.141015    6.460068
N        -1.639948    4.110730    7.639283
C        -3.384985    4.980092    6.658131
C        -2.229977    4.895328    8.517229
N        -3.278279    5.456521    7.938805
H        -4.179184    1.650987    6.381562
H        -2.460442    1.563324    4.353961
H        -1.041268    3.282564    5.225360
H        -2.336954    3.827815    4.491271
H        -0.936542    3.638366    7.786911
H        -4.039995    5.205712    6.037906
H        -1.935050    5.059880    9.383750
H        -3.818627    6.011381    8.312309
N        -0.687785    0.587814    5.845841
C         0.210503   -0.091431    6.748031
C         1.617510    0.005631    6.189863
O         1.843233    0.423410    5.075013
C        -0.198846   -1.558116    6.953730
C        -0.182585   -2.433196    5.740301
C         0.865733   -3.111982    5.214583
C        -1.306772   -2.742320    4.933130
N         0.467413   -3.848241    4.141136
C        -0.885409   -3.643376    3.952331
C        -2.665598   -2.369283    4.959405
C        -1.750781   -4.186512    3.027187
C        -3.506187   -2.869889    3.995673
C        -3.060799   -3.793246    3.076472
H        -0.381854    0.662472    5.045413
H         0.194410    0.356000    7.619602
H         0.405743   -1.953621    7.600835
H        -1.101977   -1.573634    7.306898
H         1.729589   -3.101588    5.558074
H         0.968050   -4.366038    3.671959
H        -2.985088   -1.791639    5.614095
H        -1.442748   -4.752233    2.356201
H        -4.408965   -2.649184    4.019963
H        -3.649529   -4.102044    2.426030
N         2.586432   -0.377450    6.999025
C         3.966907   -0.433696    6.598012
C         4.565756   -1.765131    6.940954
O         4.102734   -2.504358    7.807956
C         4.796788    0.690088    7.192154
O         4.793647    0.543538    8.591845
H         2.459250   -0.617050    7.815493
H         4.006549   -0.338780    5.623339
H         5.706014    0.631254    6.861608
H         4.402039    1.544195    6.954466
H         5.236265    1.140935    8.937193
N         5.674475   -2.058315    6.275981
C         6.289893   -3.354559    6.400391
C         5.497445   -4.431256    5.682020
O         4.451003   -4.161320    5.095123
H         6.085105   -1.519111    5.745886
H         7.184298   -3.326638    6.025797
H         6.356134   -3.593865    7.338813
N         6.012226   -5.646474    5.724332
C         5.350071   -6.819400    5.183540
C         4.287944   -7.277934    6.178416
O         4.595826   -7.679340    7.302140
C         6.367695   -7.919765    4.920276
C         5.780637   -9.206130    4.447292
C         5.020521   -9.264733    3.288127
C         6.007286  -10.384590    5.148683
C         4.537145  -10.459816    2.835607
C         5.510084  -11.571637    4.704952
C         4.792992  -11.611870    3.524991
H         6.776777   -5.824274    6.075730
H         4.910492   -6.589133    4.338857
H         6.987928   -7.612467    4.240541
H         6.849158   -8.101506    5.742667
H         4.873510   -8.490759    2.794130
H         6.519847  -10.365304    5.923555
H         4.032881  -10.489975    2.055170
H         5.675481  -12.353800    5.178926
H         4.429333  -12.415714    3.231851
N         3.028808   -7.231522    5.732455
C         1.865322   -7.507240    6.600741
C         0.955452   -8.497124    5.848218
O        -0.032185   -8.107878    5.245295
C         1.124440   -6.239412    6.963479
C         1.929858   -5.263397    7.798866
C         2.258660   -5.711749    9.219259
N         1.050977   -6.142677    9.940133
C         0.116436   -5.348222   10.448154
N         0.258759   -4.028301   10.462227
N        -0.990598   -5.968259   10.973156
H         2.814413   -7.041205    4.921502
H         2.170335   -7.934963    7.427837
H         0.867757   -5.785171    6.145494
H         0.332141   -6.476387    7.469239
H         2.771529   -5.096604    7.346770
H         1.429285   -4.435180    7.866202
H         2.875170   -6.460413    9.184643
H         2.655008   -4.972223    9.705117
H         0.939535   -6.989587   10.042841
H         0.950702   -3.665700   10.102309
H        -0.350050   -3.533741   10.816057
H        -1.042433   -6.827129   10.973722
H        -1.600020   -5.501798   11.362637
N         1.307951   -9.779867    5.852187
C         0.577790  -10.708825    4.990895
C        -0.909171  -10.812896    5.325483
O        -1.714976  -11.037526    4.419313
C         1.376198  -12.011753    5.120506
C         2.150004  -11.862715    6.384509
C         2.490597  -10.404854    6.439273
H         0.652654  -10.404252    4.062753
H         0.766946  -12.764436    5.177253
H         1.971800  -12.106783    4.361802
H         1.598777  -12.116918    7.140854
H         2.954305  -12.404235    6.345066
H         2.608435  -10.116956    7.357134
H         3.276186  -10.218553    5.901031
N        -1.280109  -10.688086    6.580566
C        -2.698826  -10.753998    6.930499
C        -3.453587   -9.554308    6.430800
O        -4.610778   -9.710422    5.998965
C        -2.881817  -10.946808    8.413154
C        -2.521458  -12.366358    8.868256
O        -2.346966  -13.282692    8.033152
O        -2.446549  -12.563875   10.077231
H        -0.748194  -10.565910    7.244925
H        -3.083726  -11.540378    6.489448
H        -2.307460  -10.324279    8.886772
H        -3.809907  -10.783371    8.642043
N        -2.839137   -8.370019    6.424352
C        -3.499814   -7.203920    5.871607
C        -3.633473   -7.355789    4.347786
O        -4.667614   -6.972377    3.771021
C        -2.765558   -5.955040    6.337016
C        -2.750913   -5.900060    7.864047
C        -3.086561   -4.501945    8.374649
N        -4.445582   -4.152884    8.059147
C        -4.913745   -2.917586    8.079998
N        -4.146389   -1.919689    8.455952
N        -6.139305   -2.681255    7.696370
H        -2.049099   -8.222485    6.732369
H        -4.408242   -7.160908    6.238924
H        -1.849423   -5.978886    6.018682
H        -3.222404   -5.166805    6.003172
H        -3.410547   -6.518475    8.213572
H        -1.865613   -6.136590    8.184780
H        -2.979513   -4.475877    9.338148
H        -2.498711   -3.855339    7.952872
H        -5.004186   -4.792664    7.923942
H        -3.331014   -2.066785    8.684240
H        -4.460675   -1.118722    8.472955
H        -6.649269   -3.332556    7.463556
H        -6.455237   -1.882059    7.738455
N        -2.631819   -7.936114    3.690603
C        -2.713436   -8.181718    2.253007
C        -3.864254   -9.123804    1.942214
O        -4.673139   -8.886653    1.039130
C        -1.362247   -8.704446    1.723220
C        -0.306002   -7.624927    1.854353
C        -1.516701   -9.200205    0.290337
C         1.104907   -8.113798    1.627611
H        -1.896939   -8.196867    4.052179
H        -2.898090   -7.331998    1.801992
H        -1.092326   -9.456977    2.273762
H        -0.486763   -6.930828    1.201565
H        -0.349247   -7.252313    2.749121
H        -0.668056   -9.520922   -0.023240
H        -2.162451   -9.909807    0.273376
H        -1.815583   -8.472760   -0.261205
H         1.711307   -7.376964    1.726956
H         1.306859   -8.794817    2.274581
H         1.170277   -8.475523    0.740965
N        -3.960454  -10.229381    2.671091
C        -5.022947  -11.229866    2.439318
C        -6.391323  -10.522697    2.544163
O        -7.357218  -10.796913    1.812080
C        -4.871182  -12.406069    3.410641
C        -3.733406  -13.368386    3.114694
C        -3.387187  -14.252949    4.324444
C        -2.137445  -15.076313    3.996219
N        -1.723476  -15.996437    5.079054
H        -3.424640  -10.433198    3.312340
H        -4.935042  -11.579938    1.527743
H        -4.725445  -12.050229    4.301161
H        -5.694956  -12.918816    3.400112
H        -3.990835  -13.949595    2.381297
H        -2.941508  -12.860657    2.876353
H        -3.199602  -13.695111    5.095860
H        -4.121696  -14.858769    4.509516
H        -2.315019  -15.610183    3.205663
H        -1.400337  -14.470419    3.824041
H        -0.996503  -16.447081    4.833398
H        -1.541662  -15.533542    5.817277
H        -2.377359  -16.574973    5.252686
N        -6.519507   -9.679154    3.535165
C        -7.793866   -9.052046    3.823564
C        -8.309828   -8.209170    2.688355
O        -9.486113   -7.855006    2.673612
C        -7.685771   -8.239179    5.097217
H        -5.881776   -9.444878    4.063004
H        -8.454043   -9.759343    3.984545
H        -8.535472   -7.828953    5.278024
H        -7.442300   -8.821338    5.819791
H        -7.014269   -7.563575    4.979275
N        -7.450837   -7.840509    1.733842
C        -7.913392   -6.964736    0.671678
C        -9.020382   -7.585012   -0.155009
O        -9.902983   -6.863349   -0.630777
C        -6.722889   -6.575877   -0.219223
C        -5.734029   -5.587094    0.423390
C        -4.475856   -5.491081   -0.411058
C        -6.357469   -4.227287    0.578664
H        -6.625892   -8.077212    1.682981
H        -8.266518   -6.142958    1.073319
H        -6.229674   -7.380511   -0.444050
H        -7.064187   -6.165521   -1.029833
H        -5.488465   -5.908934    1.303970
H        -3.872407   -4.871463    0.005061
H        -4.069096   -6.359562   -0.462516
H        -4.707171   -5.184499   -1.290544
H        -5.717643   -3.634749    0.980629
H        -6.609377   -3.898540   -0.287493
H        -7.133023   -4.301685    1.139138
N        -9.006219   -8.894781   -0.362614
C       -10.051165   -9.467245   -1.192539
C       -11.429907   -9.222776   -0.568503
O       -12.392828   -8.920994   -1.267034
C        -9.804318  -10.907544   -1.472263
H        -8.429264   -9.451375   -0.049030
H       -10.041597   -9.002326   -2.055084
H       -10.515874  -11.245183   -2.022170
H        -8.965557  -10.996355   -1.931068
H        -9.776011  -11.386845   -0.641775
N       -11.553357   -9.392646    0.737444
C       -12.803381   -9.131075    1.421688
C       -13.244992   -7.665807    1.381654
O       -14.396171   -7.304148    1.363825
H       -10.920575   -9.660423    1.253963
H       -13.503301   -9.668137    1.019415
H       -12.717166   -9.393747    2.351799
N       -12.270150   -6.775647    1.311564
C       -12.506909   -5.361445    1.224960
C       -13.008704   -4.946613   -0.145645
O       -13.448835   -3.801440   -0.310713
C       -11.245893   -4.573148    1.588267
H       -11.434821   -6.981807    1.313734
H       -13.199727   -5.122796    1.875312
H       -11.434266   -3.634272    1.521247
H       -10.990136   -4.793068    2.486916
H       -10.543158   -4.811351    0.979502
N       -12.974551   -5.846422   -1.129009
C       -13.415693   -5.532609   -2.490005
C       -14.881477   -5.160983   -2.553776
O       -15.259587   -4.372413   -3.442051
C       -13.178096   -6.673775   -3.409593
H       -12.696512   -6.654727   -1.032256
H       -12.898294   -4.768287   -2.820549
H       -13.478146   -6.433991   -4.289814
H       -12.238694   -6.871528   -3.426271
H       -13.667996   -7.437103   -3.093360
N       -15.699410   -5.765890   -1.713907
C       -17.142953   -5.589880   -1.740628
C       -17.536655   -4.537105   -0.741843
O       -17.244847   -4.715547    0.473108
C       -17.824029   -6.948113   -1.432246
C       -19.334744   -6.821157   -1.195180
C       -20.058284   -6.367799   -2.417474
C       -19.916286   -8.168278   -0.731173
H       -15.434612   -6.302531   -1.096796
H       -17.422816   -5.294625   -2.632991
H       -17.687977   -7.546439   -2.183641
H       -17.426076   -7.325364   -0.631847
H       -19.491519   -6.169038   -0.494054
H       -20.995474   -6.303836   -2.219685
H       -19.719358   -5.508935   -2.680023
H       -19.914500   -7.006507   -3.119782
H       -20.859968   -8.067671   -0.588594
H       -19.755548   -8.827393   -1.410565
H       -19.486979   -8.428623    0.086513
N       -18.202158   -3.494932   -1.194095
C       -18.737039   -2.487251   -0.346460
C       -20.193521   -2.251016   -0.721093
O       -20.567656   -2.261765   -1.868886
C       -17.933247   -1.159751   -0.425855
O       -17.956093   -0.646549   -1.766729
C       -16.506037   -1.363669    0.045777
H       -18.358087   -3.355783   -2.027625
H       -18.710370   -2.803322    0.580679
H       -18.347401   -0.509714    0.163343
H       -17.621578   -1.190874   -2.280458
H       -16.021912   -0.537094   -0.008905
H       -16.501895   -1.668292    0.956138
H       -16.069380   -2.017558   -0.504501
N       -21.024868   -2.005804    0.256354
C       -22.427096   -1.743471    0.041730
C       -22.616052   -0.218328    0.071664
O       -22.046594    0.543839    0.921081
C       -23.278156   -2.407203    1.109575
H       -20.795166   -1.983482    1.084793
H       -22.699118   -2.080298   -0.836482
H       -24.202396   -2.213436    0.937237
H       -23.131257   -3.355670    1.080304
H       -23.025251   -2.062458    1.968792
N       -23.383774    0.246700   -0.843971
C       -23.668921    1.655609   -0.988424
C       -25.190933    1.885063   -0.848402
O       -25.969943    1.065890   -1.301212
C       -23.158357    2.210746   -2.337052
C       -21.689436    2.118651   -2.345322
N       -20.901439    3.194925   -2.058283
C       -20.862097    1.052760   -2.402760
C       -19.649460    2.799899   -1.967660
N       -19.604938    1.500100   -2.166549
H       -23.778128   -0.244127   -1.430314
H       -23.221086    2.146775   -0.269455
H       -23.510344    1.679294   -3.068201
H       -23.415419    3.140901   -2.429968
H       -21.180929    3.999270   -1.932750
H       -21.112263    0.169250   -2.549312
H       -18.915198    3.353276   -1.827102
H       -18.890093    1.023135   -2.202763
N       -25.555827    2.982404   -0.192745
C       -26.919637    3.171954    0.262545
C       -27.204274    4.615227    0.542111
O       -27.726513    5.006438    1.600147
C       -27.204275    2.288145    1.464306
C       -26.110983    2.381217    2.455931
N       -25.873761    3.478314    3.244107
C       -25.082101    1.526610    2.663409
C       -24.764478    3.304707    3.923577
N       -24.279997    2.115452    3.600265
H       -25.027386    3.633020    0.000130
H       -27.525295    2.890589   -0.455765
H       -28.028280    2.576489    1.889364
H       -27.278662    1.364794    1.176617
H       -26.367998    4.180992    3.275210
H       -24.954439    0.698610    2.261399
H       -24.412821    3.887660    4.557394
H       -23.567749    1.765515    3.930538
N       -26.878129    5.427030   -0.429419
C       -27.060010    6.806250   -0.280866
C       -28.515250    7.217245   -0.372582
O       -29.302243    6.644731   -1.128686
C       -26.256414    7.530076   -1.390603
C       -25.767165    8.832184   -1.043886
N       -26.596758    9.933665   -1.106957
C       -24.566044    9.270994   -0.621907
C       -25.904887   11.002656   -0.756376
N       -24.668490   10.629270   -0.455424
H       -26.547462    5.186149   -1.185709
H       -26.711351    7.089980    0.590895
H       -25.490321    6.982461   -1.621558
H       -26.828868    7.630933   -2.167824
H       -27.420451    9.927638   -1.354172
H       -23.804682    8.754262   -0.487719
H       -26.235183   11.870548   -0.713574
H       -24.038319   11.150749   -0.189237
N       -28.865433    8.233612    0.386287
C       -30.160188    8.830777    0.248676
C       -30.308604    9.529057   -1.100455
O       -29.341227   10.014791   -1.654867
C       -30.407215    9.820444    1.395721
C       -30.732596    9.154310    2.685800
N       -31.968392    8.691295    2.937945
C       -30.009654    8.822405    3.747746
C       -32.002480    8.108030    4.128288
N       -30.790841    8.142143    4.614769
H       -28.366757    8.593875    0.987725
H       -30.841020    8.128036    0.302575
H       -29.609015   10.354353    1.528936
H       -31.153748   10.394840    1.160568
H       -32.642940    8.772009    2.409588
H       -29.099588    8.985437    3.854036
H       -32.743760    7.712698    4.527109
H       -30.550690    7.854154    5.388983
N       -31.507595    9.633759   -1.626501
C       -31.736486   10.431539   -2.804096
C       -31.293927   11.857670   -2.557421
O       -31.587376   12.414652   -1.481756
C       -33.273452   10.369693   -3.152346
C       -33.591717   10.751166   -4.541206
N       -33.459440   12.038948   -5.020752
C       -34.070669   10.008938   -5.561841
C       -33.839600   12.069330   -6.288790
N       -34.221716   10.849271   -6.633368
H       -32.212022    9.249368   -1.317381
H       -31.226113   10.066485   -3.556795
H       -33.587293    9.462421   -3.015874
H       -33.750060   10.973943   -2.562864
H       -33.174926   12.712639   -4.569606
H       -34.269311    9.100490   -5.539009
H       -33.841417   12.818728   -6.840134
H       -34.503444   10.617000   -7.412425
N       -30.683133   12.494337   -3.547145
C       -30.364138   13.898229   -3.418072
C       -31.579703   14.767149   -3.445231
O       -31.420510   15.964952   -3.137429
C       -29.352628   14.341292   -4.527916
O       -32.658691   14.294226   -3.860524
H       -30.447501   12.138469   -4.293629
H       -29.926167   14.035700   -2.552764
N         0.359766   -9.286403    9.151812
O         1.350723   -8.906913    9.839229
O        -0.553761   -8.566887    8.722541
O         0.330281  -10.569479    8.930667
N         6.706482    2.928019    9.978394
O         7.469664    3.661264   10.714019
O         5.966011    2.149956   10.626739
O         6.942250    2.760066    8.754132
Cl       -0.333536    7.110357    5.846962
C         8.917940   16.233721    7.250655
O         8.129036   16.686757    8.405425
C         9.817797   16.985817    6.275932
O        10.149757   18.366483    6.487142
C        10.991767   16.003388    6.204241
O        12.136182   16.541568    5.590121
H         8.197236   15.719061    6.614416
H         9.549198   15.439437    7.647190
H         7.613524   15.933167    8.765077
H         9.320396   16.931352    5.307570
H        10.640353   18.459033    7.331246
H        10.678050   15.116974    5.652163
H        11.248919   15.684367    7.214475
H        12.595347   15.840355    5.082114
C        12.672073   -3.858637   -3.493097
O        13.193283   -5.207066   -3.552218
C        11.661044   -3.447830   -4.589196
O        10.243091   -3.537913   -4.471952
C         9.756206   -4.775889   -4.265128
C         8.918452   -5.318678   -5.314736
O         9.701795   -6.106796   -6.128851
H        12.240679   -3.739660   -2.628712
H        13.424868   -3.243291   -3.536718
H        14.010274   -5.223206   -3.207895
H        11.906008   -3.942569   -5.390278
H        11.845510   -2.508741   -4.765085
H         9.228300   -4.750674   -3.448621
H        10.502998   -5.383565   -4.123604
H         8.523690   -4.594853   -5.830728
H         8.214341   -5.862319   -4.919916
H         9.218595   -6.781030   -6.441382
