  -1.2000000e+00   0.0000000e+00   0.0000000e+00
  -1.1836727e+00   1.9727878e-01   0.0000000e+00
  -1.1835624e+00   9.7954620e-02  -1.7200266e-01
  -1.1835624e+00   9.7954620e-02   1.7200266e-01
  -1.1508549e+00   2.9402943e-01  -1.7052740e-01
  -1.1835345e+00  -1.0082946e-01  -1.7052740e-01
  -1.1835345e+00  -1.0082946e-01   1.7052740e-01
  -1.1508549e+00   2.9402943e-01   1.7052740e-01
  -1.1348522e+00   3.9000292e-01   2.8718060e-03
  -1.1346321e+00   1.9182979e-01  -3.4031059e-01
  -1.1507308e+00  -2.6873653e-03  -3.4031059e-01
  -1.1835274e+00  -1.9812796e-01   2.8718060e-03
  -1.1507308e+00  -2.6873653e-03   3.4031059e-01
  -1.1346321e+00   1.9182979e-01   3.4031059e-01
  -1.0862325e+00   4.8203668e-01  -1.6655222e-01
  -1.0861243e+00   3.8459995e-01  -3.3528635e-01
  -1.1345742e+00  -2.0080932e-01  -3.3528635e-01
  -1.1506995e+00  -2.9690253e-01  -1.6655222e-01
  -1.1503062e+00  -2.9560427e-01   1.7150460e-01
  -1.1345742e+00  -2.0080932e-01   3.3528635e-01
  -1.0861243e+00   3.8459995e-01   3.3528635e-01
  -1.0860580e+00   4.8069143e-01   1.7150460e-01
  -1.0548785e+00   5.7198553e-01   7.9923679e-03
  -1.0545525e+00   2.7840533e-01  -5.0040934e-01
  -1.0858736e+00   8.9869643e-02  -5.0279427e-01
  -1.0859737e+00  -1.0124996e-01  -5.0040934e-01
  -1.1345596e+00  -3.9078209e-01   7.9923679e-03
  -1.0859737e+00  -1.0124996e-01   5.0040934e-01
  -1.0858736e+00   8.9869643e-02   5.0279427e-01
  -1.0545525e+00   2.7840533e-01   5.0040934e-01
  -9.9145905e-01   6.5673456e-01  -1.6033923e-01
  -1.0065235e+00   5.6554111e-01  -3.2722120e-01
  -9.9124790e-01   4.6659620e-01  -4.8960758e-01
  -1.0544689e+00  -2.9728751e-01  -4.8960758e-01
  -1.0858030e+00  -3.9237487e-01  -3.2722120e-01
  -1.0859357e+00  -4.8480412e-01  -1.6033923e-01
  -1.0852399e+00  -4.8108842e-01   1.7552287e-01
  -1.0852481e+00  -3.9107982e-01   3.3059516e-01
  -1.0544689e+00  -2.9728751e-01   4.8960758e-01
  -9.9124790e-01   4.6659620e-01   4.8960758e-01
  -1.0061890e+00   5.6417244e-01   3.3059516e-01
  -9.9138360e-01   6.5295504e-01   1.7552287e-01
  -9.4596075e-01   7.3819063e-01   1.5259280e-02
  -9.4553550e-01   3.5525141e-01  -6.4788815e-01
  -9.9108219e-01   1.7292077e-01  -6.5410587e-01
  -1.0060255e+00  -7.6350899e-03  -6.5410587e-01
  -9.9107344e-01  -1.9497276e-01  -6.4788815e-01
  -1.0544477e+00  -5.7263177e-01   1.5259280e-02
  -9.9107344e-01  -1.9497276e-01   6.4788815e-01
  -1.0060255e+00  -7.6350899e-03   6.5410587e-01
  -9.9108219e-01   1.7292077e-01   6.5410587e-01
  -9.4553550e-01   3.5525141e-01   6.4788815e-01
  -8.6914974e-01   8.1329793e-01  -1.5206975e-01
  -8.9821228e-01   7.2961179e-01  -3.1761820e-01
  -8.9811199e-01   6.3929665e-01  -4.7401968e-01
  -8.6884375e-01   5.3776186e-01  -6.2922389e-01
  -9.4542971e-01  -3.8760800e-01  -6.2922389e-01
  -9.9099193e-01  -4.8294963e-01  -4.7401968e-01
  -1.0059386e+00  -5.7201945e-01  -3.1761820e-01
  -9.9102937e-01  -6.5934480e-01  -1.5206975e-01
  -9.9047577e-01  -6.5245331e-01   1.8237988e-01
  -1.0046341e+00  -5.6762428e-01   3.2941312e-01
  -9.9048938e-01  -4.8200255e-01   4.7602975e-01
  -9.4542971e-01  -3.8760800e-01   6.2922389e-01
  -8.6884375e-01   5.3776186e-01   6.2922389e-01
  -8.9777198e-01   6.3827984e-01   4.7602975e-01
  -8.9764811e-01   7.2506197e-01   3.2941312e-01
  -8.6973662e-01   8.0640920e-01   1.8237988e-01
  -8.1110532e-01   8.8403007e-01   2.4474460e-02
  -8.1059029e-01   4.2024449e-01  -7.7867705e-01
  -8.6928767e-01   2.4410459e-01  -7.9041248e-01
  -8.9742854e-01   7.4273457e-02  -7.9316169e-01
  -8.9759063e-01  -9.7873269e-02  -7.9041248e-01
  -8.6864910e-01  -2.8126638e-01  -7.7867705e-01
  -9.4540301e-01  -7.3865699e-01   2.4474460e-02
  -8.6864910e-01  -2.8126638e-01   7.7867705e-01
  -8.9759063e-01  -9.7873269e-02   7.9041248e-01
  -8.9742854e-01   7.4273457e-02   7.9316169e-01
  -8.6928767e-01   2.4410459e-01   7.9041248e-01
  -8.1059029e-01   4.2024449e-01   7.7867705e-01
  -7.2268031e-01   9.4740537e-01  -1.4197264e-01
  -7.6444489e-01   8.7260096e-01  -3.0690646e-01
  -7.7783723e-01   7.9109230e-01  -4.5732070e-01
  -7.6425496e-01   7.0156819e-01  -6.0308907e-01
  -7.2229023e-01   5.9613317e-01  -7.5028133e-01
  -8.1046638e-01  -4.6927836e-01  -7.5028133e-01
  -8.6919355e-01  -5.6637986e-01  -6.0308907e-01
  -8.9730869e-01  -6.5245298e-01  -4.5732070e-01
  -8.9749851e-01  -7.3505432e-01  -3.0690646e-01
  -8.6859995e-01  -8.1570699e-01  -1.4197264e-01
  -8.6881425e-01  -8.0526171e-01   1.9161257e-01
  -8.9587678e-01  -6.4876897e-01   4.6529950e-01
  -8.6883086e-01  -5.6578040e-01   6.0417339e-01
  -8.1046638e-01  -4.6927836e-01   7.5028133e-01
  -7.2229023e-01   5.9613317e-01   7.5028133e-01
  -7.6399576e-01   7.0091726e-01   6.0417339e-01
  -7.7703045e-01   7.8722300e-01   4.6529950e-01
  -7.2460889e-01   9.3713744e-01   1.9161257e-01
  -6.5403431e-01   1.0054785e+00   3.5383726e-02
  -6.5344143e-01   4.7159055e-01  -8.8916627e-01
  -7.2401762e-01   3.0177950e-01  -9.0814515e-01
  -7.6399700e-01   1.4139750e-01  -9.1450278e-01
  -7.6377882e-01  -1.7864571e-01  -9.0814515e-01
  -7.2207966e-01  -3.5774894e-01  -8.8916627e-01
  -8.1043512e-01  -8.8427535e-01   3.5383726e-02
  -7.2207966e-01  -3.5774894e-01   8.8916627e-01
  -7.6377882e-01  -1.7864571e-01   9.0814515e-01
  -7.7684760e-01  -1.3873307e-02   9.1450278e-01
  -7.2401762e-01   3.0177950e-01   9.0814515e-01
  -6.5344143e-01   4.7159055e-01   8.8916627e-01
  -5.5609339e-01   1.0553554e+00  -1.3032663e-01
  -6.0907186e-01   9.9090632e-01  -2.9518829e-01
  -6.3439790e-01   9.1815409e-01  -4.4105824e-01
  -6.0880505e-01   7.5064160e-01  -7.1126198e-01
  -5.5563225e-01   6.4009909e-01  -8.4943861e-01
  -6.5330392e-01  -5.4004447e-01  -8.4943861e-01
  -7.2392632e-01  -6.4034138e-01  -7.1126198e-01
  -7.6387511e-01  -7.2488275e-01  -5.7536059e-01
  -7.6368878e-01  -8.7729318e-01  -2.9518829e-01
  -7.2202651e-01  -9.4957500e-01  -1.3032663e-01
  -7.2368460e-01  -9.3551392e-01   2.0271730e-01
  -7.6581192e-01  -8.3261309e-01   4.0035927e-01
  -7.6268762e-01  -7.2229766e-01   5.8016694e-01
  -6.5330392e-01  -5.4004447e-01   8.4943861e-01
  -5.5563225e-01   6.4009909e-01   8.4943861e-01
  -6.0864127e-01   7.5026496e-01   7.1179934e-01
  -6.1851148e-01   9.4718320e-01   4.0035927e-01
  -5.6004055e-01   1.0417583e+00   2.0271730e-01
  -4.7908294e-01   1.0991841e+00   4.7685987e-02
  -4.7842629e-01   5.0787242e-01  -9.7630625e-01
  -5.5933213e-01   3.4469674e-01  -1.0041572e+00
  -6.3017780e-01  -2.0711713e-02  -1.0210029e+00
  -6.0838961e-01  -2.4805314e-01  -1.0041572e+00
  -5.5541050e-01  -4.2230947e-01  -9.7630625e-01
  -6.5326925e-01  -1.0054677e+00   4.7685987e-02
  -5.5541050e-01  -4.2230947e-01   9.7630625e-01
  -6.0838961e-01  -2.4805314e-01   1.0041572e+00
  -6.1819856e-01   1.2403050e-01   1.0210029e+00
  -5.5933213e-01   3.4469674e-01   1.0041572e+00
  -4.7842629e-01   5.0787242e-01   9.7630625e-01
  -3.7398684e-01   1.1341687e+00  -1.1745315e-01
  -4.3644121e-01   1.0815205e+00  -2.8254633e-01
  -4.7383899e-01   9.1636784e-01  -6.1298172e-01
  -4.3611202e-01   7.8508274e-01  -7.9589660e-01
  -3.7346966e-01   6.6844613e-01  -9.2395897e-01
  -4.7828007e-01  -5.9795317e-01  -9.2395897e-01
  -5.5924506e-01  -7.0270447e-01  -7.9589660e-01
  -6.3001247e-01  -8.9733618e-01  -4.8772130e-01
  -6.0830384e-01  -9.9505478e-01  -2.8254633e-01
  -5.5535453e-01  -1.0572540e+00  -1.1745315e-01
  -5.5910555e-01  -1.0397518e+00   2.1521441e-01
  -6.0958043e-01  -9.6432637e-01   3.7213753e-01
  -6.2699901e-01  -8.6722266e-01   5.4295221e-01
  -5.8024960e-01  -7.4530273e-01   7.4015825e-01
  -4.7828007e-01  -5.9795317e-01   9.2395897e-01
  -3.7346966e-01   6.6844613e-01   9.2395897e-01
  -4.3602331e-01   7.8488277e-01   7.9614239e-01
  -4.6607783e-01   9.2790431e-01   6.0146907e-01
  -4.4275216e-01   1.0514201e+00   3.7213753e-01
  -3.8056418e-01   1.1175212e+00   2.1521441e-01
  -2.9107994e-01   1.1625603e+00   6.1041696e-02
  -2.9037536e-01   5.2808871e-01  -1.0376919e+00
  -3.7976971e-01   3.7192419e-01  -1.0758473e+00
  -4.4932580e-01   1.3801620e-01  -1.1041095e+00
  -4.6934834e-01  -1.2628021e-01  -1.0971625e+00
  -4.3574650e-01  -3.0443000e-01  -1.0758473e+00
  -3.7324174e-01  -4.7316608e-01  -1.0376919e+00
  -4.7824321e-01  -1.0988891e+00   6.1041696e-02
  -3.7324174e-01  -4.7316608e-01   1.0376919e+00
  -4.3574650e-01  -3.0443000e-01   1.0758473e+00
  -4.6590196e-01  -6.2269635e-02   1.1041095e+00
  -4.4220201e-01   2.0172242e-01   1.0971625e+00
  -3.7976971e-01   3.7192419e-01   1.0758473e+00
  -2.9037536e-01   5.2808871e-01   1.0376919e+00
  -1.8138687e-01   1.1816698e+00  -1.0370752e-01
  -2.5132355e-01   1.1421031e+00  -2.6914118e-01
  -2.9662191e-01   1.0531660e+00  -4.9280495e-01
  -2.9566691e-01   9.1508508e-01  -7.1777460e-01
  -2.5094793e-01   8.0385817e-01  -8.5489015e-01
  -1.8083021e-01   6.8039192e-01  -9.7178561e-01
  -2.9022556e-01  -6.4140615e-01  -9.7178561e-01
  -3.7968699e-01  -7.5166523e-01  -8.5489015e-01
  -4.4916399e-01  -8.9137926e-01  -6.6610414e-01
  -4.6919682e-01  -1.0156027e+00  -4.3405708e-01
  -4.3566462e-01  -1.0852462e+00  -2.6914118e-01
  -3.7318423e-01  -1.1357721e+00  -1.0370752e-01
  -3.7961115e-01  -1.1151739e+00   2.2865399e-01
  -4.6753920e-01  -9.8058672e-01   5.0976149e-01
  -4.5562394e-01  -8.9270518e-01   6.5991234e-01
  -3.8829569e-01  -7.7101268e-01   8.3352618e-01
  -2.9022556e-01  -6.4140615e-01   9.7178561e-01
  -1.8083021e-01   6.8039192e-01   9.7178561e-01
  -2.5090686e-01   8.0376093e-01   8.5499363e-01
  -2.9058788e-01   9.1642640e-01   7.1813741e-01
  -2.9370424e-01   1.0365850e+00   5.2842161e-01
  -2.5832230e-01   1.1130820e+00   3.6649435e-01
  -9.5214258e-02   1.1938580e+00   7.5082232e-02
  -9.4478914e-02   5.3168143e-01  -1.0716289e+00
  -1.9026201e-01   3.8286717e-01  -1.1212551e+00
  -2.5836868e-01   2.1599496e-01  -1.1517777e+00
  -2.9874324e-01  -7.9162579e-03  -1.1621918e+00
  -2.9321268e-01  -1.9260895e-01  -1.1475749e+00
  -1.8060132e-01  -5.0891509e-01  -1.0716289e+00
  -2.9018781e-01  -1.1619611e+00   7.5082232e-02
  -1.8060132e-01  -5.0891509e-01   1.0716289e+00
  -2.5061626e-01  -3.4637897e-01   1.1212551e+00
  -2.9036264e-01  -1.7058057e-01   1.1517777e+00
  -2.9337709e-01   5.6921635e-02   1.1621918e+00
  -2.5755849e-01   2.3819217e-01   1.1475749e+00
  -9.4478914e-02   5.3168143e-01   1.0716289e+00
   1.6390684e-02   1.1965478e+00  -8.9469130e-02
  -5.8815019e-02   1.1710693e+00  -2.5522035e-01
  -1.0790201e-01   1.1179041e+00  -4.2266710e-01
  -1.2780736e-01   1.0166645e+00  -6.2454677e-01
  -1.0931114e-01   9.1036767e-01  -7.7413292e-01
   1.6969186e-02   6.7560674e-01  -9.9159849e-01
  -9.4330763e-02  -6.6920410e-01  -9.9159849e-01
  -1.9018456e-01  -7.8581297e-01  -8.8675127e-01
  -2.5826042e-01  -8.9452454e-01  -7.5705179e-01
  -2.9856556e-01  -1.0137528e+00  -5.6847499e-01
  -2.9308683e-01  -1.0921542e+00  -4.0162076e-01
  -1.8054357e-01  -1.1829621e+00  -8.9469130e-02
  -1.9014359e-01  -1.1597358e+00   2.4260721e-01
  -2.6836458e-01  -1.0854137e+00   4.3572636e-01
  -2.9989184e-01  -9.9225879e-01   6.0455552e-01
  -1.9226169e-01  -7.9307242e-01   8.7981338e-01
  -9.4330763e-02  -6.6920410e-01   9.9159849e-01
   1.6969186e-02   6.7560674e-01   9.9159849e-01
  -5.8394618e-02   8.0634482e-01   8.8679090e-01
  -1.2347298e-01   1.0074716e+00   6.4012140e-01
  -1.1003218e-01   1.0895533e+00   4.9067959e-01
  -2.6515741e-02   1.1598529e+00   3.0665633e-01
   1.0310813e-01   1.1922134e+00   8.9420070e-02
   1.0385623e-01   5.1855143e-01  -1.0771807e+00
   3.9833609e-03   3.7731083e-01  -1.1391315e+00
  -1.1228573e-01   7.5702436e-02  -1.1923343e+00
  -1.2729340e-01  -9.7927615e-02  -1.1892042e+00
  -7.6910492e-02  -3.0540486e-01  -1.1579346e+00
   1.7193825e-02  -5.2856984e-01  -1.0771807e+00
  -9.4293439e-02  -1.1929429e+00   8.9420070e-02
   1.7193825e-02  -5.2856984e-01   1.0771807e+00
  -5.8100356e-02  -3.7283197e-01   1.1391315e+00
  -1.2320336e-01  -5.6212764e-02   1.1923343e+00
  -1.0946223e-01   1.1752211e-01   1.1892042e+00
  -2.5655792e-02   3.1389350e-01   1.1579346e+00
   1.0385623e-01   5.1855143e-01   1.0771807e+00
   2.1388709e-01   1.1783920e+00  -7.5130953e-02
   1.3578592e-01   1.1676620e+00  -2.4109694e-01
   5.3515588e-02   1.0694846e+00  -5.4160750e-01
   5.2525264e-02   9.8029941e-01  -6.9011170e-01
   1.1478594e-01   8.4438714e-01  -8.4488730e-01
   2.1446918e-01   6.5422267e-01  -9.8285078e-01
   1.0399755e-01  -6.8057979e-01  -9.8285078e-01
   4.0532599e-03  -8.0416771e-01  -8.9067270e-01
  -1.1214988e-01  -9.9886616e-01  -6.5550652e-01
  -1.2713248e-01  -1.0815678e+00  -5.0403226e-01
  -7.6815135e-02  -1.1570157e+00  -3.0889180e-01
   1.7250481e-02  -1.1975215e+00  -7.5130953e-02
   4.0767696e-03  -1.1722241e+00   2.5665943e-01
  -7.0250825e-02  -1.1272689e+00   4.0537600e-01
  -1.1738830e-01  -1.0547707e+00   5.6007023e-01
  -8.4963635e-02  -9.5369913e-01   7.2335271e-01
   4.5987483e-03  -8.0595932e-01   8.8904917e-01
   1.0399755e-01  -6.8057979e-01   9.8285078e-01
   2.1446918e-01   6.5422267e-01   9.8285078e-01
   1.3620617e-01   7.9254407e-01   8.9068613e-01
   7.8144282e-02   9.3806991e-01   7.4425689e-01
   5.4659397e-02   1.0486167e+00   5.8087457e-01
   1.8646934e-01   1.1512077e+00   2.8275432e-01
   2.9841346e-01   1.1576719e+00   1.0365948e-01
   2.9915595e-01   4.8906109e-01  -1.0541940e+00
   1.9762085e-01   3.5545285e-01  -1.1289815e+00
   1.0746708e-01   1.6732113e-01  -1.1834080e+00
   5.1500227e-02  -2.6059350e-02  -1.1986111e+00
   1.3047334e-01  -3.5686772e-01  -1.1382540e+00
   2.1468446e-01  -5.3158783e-01  -1.0541940e+00
   1.0403314e-01  -1.1909794e+00   1.0365948e-01
   2.1468446e-01  -5.3158783e-01   1.0541940e+00
   1.3649592e-01  -3.8310520e-01   1.1289815e+00
   7.8497446e-02  -1.8271202e-01   1.1834080e+00
   5.5083641e-02   1.7238200e-02   1.1986111e+00
   1.8736681e-01   3.3056246e-01   1.1382540e+00
   2.9915595e-01   4.8906109e-01   1.0541940e+00
   4.0565138e-01   1.1277035e+00  -6.1088733e-02
   3.2711884e-01   1.1319931e+00  -2.2712288e-01
   2.6140352e-01   1.0902714e+00  -4.2775758e-01
   2.2430720e-01   1.0099459e+00  -6.0802588e-01
   3.2074902e-01   7.8447374e-01  -8.4954165e-01
   4.0621870e-01   6.1682992e-01  -9.4578392e-01
   2.9928544e-01  -6.7521923e-01  -9.4578392e-01
   1.9767989e-01  -8.0620119e-01  -8.6658081e-01
   1.0751235e-01  -9.4616123e-01  -7.3021916e-01
   5.1642188e-02  -1.0544082e+00  -5.7057553e-01
   1.3055019e-01  -1.1654178e+00  -2.5447587e-01
   2.1473874e-01  -1.1790485e+00  -6.1088733e-02
   1.9769467e-01  -1.1523003e+00   2.7040882e-01
   7.2041574e-02  -1.0760462e+00   5.2624583e-01
   1.1968773e-01  -9.2261130e-01   7.5793353e-01
   1.9884504e-01  -8.0594490e-01   8.6655264e-01
   2.9928544e-01  -6.7521923e-01   9.4578392e-01
   4.0621870e-01   6.1682992e-01   9.4578392e-01
   3.2752831e-01   7.6272958e-01   8.6658456e-01
   2.3647587e-01   9.8988215e-01   6.3577708e-01
   2.7931773e-01   1.0599893e+00   4.8826664e-01
   3.8258559e-01   1.1026438e+00   2.7893523e-01
   4.8531122e-01   1.0911867e+00   1.1740745e-01
   4.8602989e-01   4.4402437e-01  -1.0033032e+00
   3.8531494e-01   3.1791732e-01  -1.0910825e+00
   3.0636963e-01   1.8456658e-01  -1.1454575e+00
   2.4383026e-01   2.1789688e-02  -1.1747647e+00
   2.5906576e-01  -1.5017180e-01  -1.1620385e+00
   3.2733313e-01  -3.6860257e-01  -1.0940682e+00
   4.0641977e-01  -5.1788577e-01  -1.0033032e+00
   2.9931804e-01  -1.1561246e+00   1.1740745e-01
   4.0641977e-01  -5.1788577e-01   1.0033032e+00
   3.2780703e-01  -3.7693710e-01   1.0910825e+00
   2.7185858e-01  -2.3242221e-01   1.1454575e+00
   2.3693048e-01  -6.1578663e-02   1.1747647e+00
   2.8022898e-01   1.0553841e-01   1.1620385e+00
   3.8347730e-01   3.0977410e-01   1.0940682e+00
   4.8602989e-01   4.4402437e-01   1.0033032e+00
   5.8639077e-01   1.0458813e+00  -4.7730042e-02
   5.0990892e-01   1.0650540e+00  -2.1366520e-01
   4.5071122e-01   1.0501885e+00  -3.6601024e-01
   4.0660263e-01   9.9779575e-01  -5.2827828e-01
   4.3391661e-01   8.9898247e-01  -6.6599316e-01
   5.0956213e-01   7.2454550e-01  -8.0955559e-01
   5.8692538e-01   5.6446053e-01  -8.8142096e-01
   4.8614289e-01  -6.5327038e-01  -8.8142096e-01
   3.8535924e-01  -7.9184565e-01  -8.1515564e-01
   3.0634942e-01  -9.0487771e-01  -7.2618618e-01
   2.4386302e-01  -1.0103679e+00  -5.9973954e-01
   2.5912942e-01  -1.0837743e+00  -4.4529232e-01
   3.2740024e-01  -1.1328536e+00  -2.2237756e-01
   4.0647046e-01  -1.1280530e+00  -4.7730042e-02
   3.8536871e-01  -1.1005162e+00   2.8346980e-01
   2.8952241e-01  -1.0694392e+00   4.6095173e-01
   2.6507855e-01  -1.0001393e+00   6.0782793e-01
   3.1030457e-01  -8.9565581e-01   7.3587482e-01
   4.8614289e-01  -6.5327038e-01   8.8142096e-01
   5.8692538e-01   5.6446053e-01   8.8142096e-01
   5.1029309e-01   7.1771942e-01   8.1515630e-01
   4.4333144e-01   8.7721905e-01   6.8843589e-01
   4.7669232e-01   1.0091874e+00   4.4080062e-01
   5.6197566e-01   1.0212651e+00   2.8495770e-01
   6.5864296e-01   9.9459308e-01   1.3028453e-01
   6.5932026e-01   3.8468430e-01  -9.2591295e-01
   5.6188953e-01   2.6574918e-01  -1.0264782e+00
   4.2885062e-01   3.6910951e-02  -1.1201450e+00
   4.5116906e-01  -1.9939830e-01  -1.0939318e+00
   5.1177230e-01  -3.5293965e-01  -1.0264125e+00
   5.8710779e-01  -4.8784184e-01  -9.2591295e-01
   4.8617132e-01  -1.0893408e+00   1.3028453e-01
   5.8710779e-01  -4.8784184e-01   9.2591295e-01
   5.1055553e-01  -3.5450744e-01   1.0264782e+00
   4.1694753e-01  -1.0691135e-01   1.1201450e+00
   4.7781130e-01   1.2251353e-01   1.0939318e+00
   5.6283201e-01   2.6400268e-01   1.0264125e+00
   6.5932026e-01   3.8468430e-01   9.2591295e-01
   7.5111679e-01   9.3518380e-01  -3.5423583e-02
   6.7911393e-01   9.6869414e-01  -2.0108692e-01
   5.7998180e-01   9.4337080e-01  -4.6224738e-01
   6.1766715e-01   8.0012944e-01  -6.4674584e-01
   6.8051538e-01   6.5939563e-01  -7.3627184e-01
   7.5160166e-01   4.9855993e-01  -7.9153834e-01
   6.5941256e-01  -6.1533904e-01  -7.9153834e-01
   5.6191514e-01  -7.6149154e-01  -7.3782248e-01
   4.2877446e-01  -9.5572535e-01  -5.8544131e-01
   4.5119103e-01  -1.0488935e+00  -3.6911942e-01
   5.1183405e-01  -1.0663268e+00  -2.0241816e-01
   5.8715376e-01  -1.0459425e+00  -3.5423583e-02
   5.6191995e-01  -1.0183014e+00   2.9547953e-01
   4.4027039e-01  -9.7952500e-01   5.3543698e-01
   5.3294443e-01  -8.1069182e-01   7.0622164e-01
   6.5941256e-01  -6.1533904e-01   7.9153834e-01
   7.5160166e-01   4.9855993e-01   7.9153834e-01
   6.7945680e-01   6.5875382e-01   7.3782238e-01
   6.1633319e-01   8.7188775e-01   5.4767248e-01
   7.2301477e-01   9.1125391e-01   2.9473033e-01
   8.1362466e-01   8.7055688e-01   1.4193530e-01
   8.1424418e-01   3.1267868e-01  -8.2415924e-01
   7.2247284e-01   2.0039177e-01  -9.3695044e-01
   6.2760026e-01   5.3213365e-02  -1.0214138e+00
   6.2395192e-01  -1.9614726e-01  -1.0060866e+00
   7.5176146e-01  -4.4228527e-01  -8.2415924e-01
   6.5943576e-01  -9.9247108e-01   1.4193530e-01
   7.5176146e-01  -4.4228527e-01   8.2415924e-01
   6.7969861e-01  -3.1643903e-01   9.3695044e-01
   6.1031286e-01  -1.5566619e-01   1.0214138e+00
   6.4770879e-01   9.0901404e-02   1.0060866e+00
   8.1424418e-01   3.1267868e-01   8.2415924e-01
   8.9528293e-01   7.9866625e-01  -2.4509020e-02
   8.3006476e-01   8.4557339e-01  -1.8973173e-01
   7.6054585e-01   8.5075990e-01  -3.7118406e-01
   7.7525239e-01   7.1243048e-01  -5.7569657e-01
   8.9570239e-01   4.2094699e-01  -6.7861687e-01
   8.1431214e-01  -5.6247212e-01  -6.7861687e-01
   7.2247606e-01  -7.1597403e-01  -6.3671778e-01
   6.2747748e-01  -8.6205469e-01  -5.5057582e-01
   6.2396032e-01  -9.7095012e-01  -3.2852607e-01
   7.5180172e-01  -9.3498314e-01  -2.4509020e-02
   7.2247570e-01  -9.0792518e-01   3.0610576e-01
   6.3527506e-01  -9.0402554e-01   4.6814893e-01
   7.1382386e-01  -7.3495833e-01   6.2473335e-01
   8.1431214e-01  -5.6247212e-01   6.7861687e-01
   8.9570239e-01   4.2094699e-01   6.7861687e-01
   8.3035056e-01   5.8745949e-01   6.3671760e-01
   7.8599837e-01   7.2209011e-01   5.4844547e-01
   8.6290985e-01   7.7611977e-01   3.0499949e-01
   9.4597877e-01   7.2250159e-01   1.5203821e-01
   9.4652570e-01   2.2999489e-01  -7.0085052e-01
   8.6263318e-01   1.2365015e-01  -8.2496947e-01
   7.6940570e-01  -6.7706617e-02  -9.1838482e-01
   8.9583627e-01  -3.8247343e-01  -7.0085052e-01
   8.1432919e-01  -8.6818913e-01   1.5203821e-01
   8.9583627e-01  -3.8247343e-01   7.0085052e-01
   8.3056817e-01  -2.6378378e-01   8.2496947e-01
   7.7006801e-01  -5.9704122e-02   9.1838482e-01
   9.4652570e-01   2.2999489e-01   7.0085052e-01
   1.0149102e+00   6.4009658e-01  -1.5287599e-02
   9.5859534e-01   6.9908991e-01  -1.7991186e-01
   8.9553964e-01   6.9002966e-01  -4.0232801e-01
   1.0152504e+00   3.3376387e-01  -5.4577321e-01
   9.4656633e-01  -4.9612879e-01  -5.4577321e-01
   8.6261084e-01  -6.5654841e-01  -5.1463261e-01
   7.6927831e-01  -8.3165912e-01  -3.9566903e-01
   8.9587000e-01  -7.9823758e-01  -1.5287599e-02
   8.6260447e-01  -7.7243371e-01   3.1505507e-01
   8.6156110e-01  -6.6133230e-01   5.1024705e-01
   9.4656633e-01  -4.9612879e-01   5.4577321e-01
   1.0152504e+00   3.3376387e-01   5.4577321e-01
   9.5880953e-01   5.0580400e-01   5.1463249e-01
   9.7845259e-01   6.1961777e-01   3.1417246e-01
   1.0520523e+00   5.5451359e-01   1.6031441e-01
   1.0525138e+00   1.3891505e-01  -5.5939015e-01
   9.7850209e-01   3.7642679e-02  -6.9362575e-01
   9.4649552e-01  -1.2253960e-01  -7.2741341e-01
   1.0153557e+00  -3.1005716e-01  -5.5939015e-01
   9.4657649e-01  -7.1992516e-01   1.6031441e-01
   1.0153557e+00  -3.1005716e-01   5.5939015e-01
   9.5900010e-01  -1.9799526e-01   6.9362575e-01
   9.5376282e-01  -3.4730586e-02   7.2741341e-01
   1.0525138e+00   1.3891505e-01   5.5939015e-01
   1.1066967e+00   4.6385139e-01  -8.0138354e-03
   1.0611581e+00   5.3328660e-01  -1.7189804e-01
   1.0473952e+00   4.8443514e-01  -3.2906806e-01
   1.1069460e+00   2.3941685e-01  -3.9667391e-01
   1.0525249e+00  -4.1814013e-01  -3.9667391e-01
   9.7845167e-01  -5.8485455e-01  -3.7493664e-01
   9.4633700e-01  -6.9274204e-01  -2.5407626e-01
   1.0153822e+00  -6.3948002e-01  -8.0138354e-03
   9.7843851e-01  -6.1556659e-01   3.2208052e-01
   1.0525249e+00  -4.1814013e-01   3.9667391e-01
   1.1069460e+00   2.3941685e-01   3.9667391e-01
   1.0612881e+00   4.1604112e-01   3.7493657e-01
   1.1289175e+00   3.7122942e-01   1.6653546e-01
   1.1292831e+00   4.1952984e-02  -4.0368249e-01
   1.0668814e+00  -5.5256799e-02  -5.4654437e-01
   1.1070210e+00  -2.2703517e-01  -4.0368249e-01
   1.0525276e+00  -5.5177133e-01   1.6653546e-01
   1.1070210e+00  -2.2703517e-01   4.0368249e-01
   1.0614495e+00  -1.2088925e-01   5.4654437e-01
   1.1292831e+00   4.1952984e-02   4.0368249e-01
   1.1681093e+00   2.7479511e-01  -2.8884869e-03
   1.1349221e+00   3.5273967e-01  -1.6591150e-01
   1.1682584e+00   1.4050995e-01  -2.3543416e-01
   1.1292633e+00  -3.3065866e-01  -2.3543416e-01
   1.0668012e+00  -5.0287122e-01  -2.2148548e-01
   1.1070399e+00  -4.6309221e-01  -2.8884869e-03
   1.1292633e+00  -3.3065866e-01   2.3543416e-01
   1.1682584e+00   1.4050995e-01   2.3543416e-01
   1.1747149e+00  -5.8215112e-02  -2.3802514e-01
   1.1683021e+00  -1.3569890e-01   2.3802514e-01
   1.1980714e+00   5.9566513e-02   3.2813662e-02
   1.1817068e+00  -1.9777795e-01  -6.6729619e-02
